0,0,0,0,0,0,1651178749.5234392,
0,0,0,0,0,0,1651178749.5338037,
0,0,0,0,0,0,1651178749.5441527,
0,0,0,0,0,0,1651178749.554882,
0,0,0,0,0,0,1651178749.56544,
0,0,0,0,0,0,1651178749.5757403,
0,0,0,0,0,0,1651178749.5856493,
0,0,0,0,0,0,1651178749.595666,
0,0,0,0,0,0,1651178749.6059678,
0,0,0,0,0,0,1651178749.612647,
0,0,0,0,0,0,1651178749.6189158,
0,0,0,0,0,0,1651178749.6252196,
0,0,0,0,0,0,1651178749.6316173,
0,0,0,0,0,0,1651178749.6378598,
0,0,0,0,0,0,1651178749.644053,
0,0,0,0,0,0,1651178749.6502185,
0,0,0,0,0,0,1651178749.6563866,
0,0,0,0,0,0,1651178749.6625676,
0,0,0,0,0,0,1651178749.6687453,
0,0,0,0,0,0,1651178749.6749299,
0,0,0,0,0,0,1651178749.6811135,
0,0,0,0,0,0,1651178749.6872911,
0,0,0,0,0,0,1651178749.6934695,
0,0,0,0,0,0,1651178749.6996477,
0,0,0,0,0,0,1651178749.7058432,
0,0,0,0,0,0,1651178749.7120218,
0,0,0,0,0,0,1651178749.7182,
0,0,0,0,0,0,1651178749.7243907,
0,0,0,0,0,0,1651178749.7305677,
0,0,0,0,0,0,1651178749.7367458,
0,0,0,0,0,0,1651178749.742923,
0,0,0,0,0,0,1651178749.749102,
0,0,0,0,0,0,1651178749.7552774,
0,0,0,0,0,0,1651178749.7614546,
0,0,0,0,0,0,1651178749.7676294,
0,0,0,0,0,0,1651178749.7738066,
0,0,0,0,0,0,1651178749.779982,
0,0,0,0,0,0,1651178749.7861583,
0,0,0,0,0,0,1651178749.7923331,
0,0,0,0,0,0,1651178749.798509,
0,0,0,0,0,0,1651178749.804686,
0,0,0,0,0,0,1651178749.8108625,
0,0,0,0,0,0,1651178749.8170378,
0,0,0,0,0,0,1651178749.8232126,
0,0,0,0,0,0,1651178749.8293912,
0,0,0,0,0,0,1651178749.8355887,
0,0,0,0,0,0,1651178749.8417518,
0,0,0,0,0,0,1651178749.847908,
0,0,0,0,0,0,1651178749.8542435,
0,0,0,0,0,0,1651178749.8605359,
0,0,0,0,0,0,1651178749.8667173,
0,0,0,0,0,0,1651178749.8728921,
0,0,0,0,0,0,1651178749.879083,
0,0,0,0,0,0,1651178749.8852704,
0,0,0,0,0,0,1651178749.8914468,
0,0,0,0,0,0,1651178749.8976233,
0,0,0,0,0,0,1651178749.9038038,
0,0,0,0,0,0,1651178749.9099815,
0,0,0,0,0,0,1651178749.9161637,
0,0,0,0,0,0,1651178749.9223387,
0,0,0,0,0,0,1651178749.9286578,
0,0,0,0,0,0,1651178749.934887,
0,0,0,0,0,0,1651178749.941066,
0,0,0,0,0,0,1651178749.9472747,
0,0,0,0,0,0,1651178749.9534576,
0,0,0,0,0,0,1651178749.9596999,
0,0,0,0,0,0,1651178749.9658825,
0,0,0,0,0,0,1651178749.9720573,
0,0,0,0,0,0,1651178749.9782515,
0,0,0,0,0,0,1651178749.9844337,
0,0,0,0,0,0,1651178749.9906075,
0,0,0,0,0,0,1651178749.996833,
0,0,0,0,0,0,1651178750.003127,
0,0,0,0,0,0,1651178750.0097587,
0,0,0,0,0,0,1651178750.015952,
0,0,0,0,0,0,1651178750.0221076,
0,0,0,0,0,0,1651178750.028255,
0,0,0,0,0,0,1651178750.0344114,
0,0,0,0,0,0,1651178750.0406182,
0,0,0,0,0,0,1651178750.0467641,
0,0,0,0,0,0,1651178750.0529072,
0,0,0,0,0,0,1651178750.0590537,
0,0,0,0,0,0,1651178750.0652056,
0,0,0,0,0,0,1651178750.0713463,
0,0,0,0,0,0,1651178750.0775118,
0,0,0,0,0,0,1651178750.0836742,
0,0,0,0,0,0,1651178750.0898368,
0,0,0,0,0,0,1651178750.0959992,
0,0,0,0,0,0,1651178750.1021621,
0,0,0,0,0,0,1651178750.1083264,
0,0,0,0,0,0,1651178750.1144876,
0,0,0,0,0,0,1651178750.1206498,
0,0,0,0,0,0,1651178750.1268125,
0,0,0,0,0,0,1651178750.1329784,
0,0,0,0,0,0,1651178750.1391416,
0,0,0,0,0,0,1651178750.1453052,
0,0,0,0,0,0,1651178750.1514666,
0,0,0,0,0,0,1651178750.1576302,
0,0,0,0,0,0,1651178750.1637921,
0,0,0,0,0,0,1651178750.1699555,
0,0,0,0,0,0,1651178750.1761374,
0,0,0,0,0,0,1651178750.1823006,
0,0,0,0,0,0,1651178750.1884634,
0,0,0,0,0,0,1651178750.1946247,
0,0,0,0,0,0,1651178750.2008119,
0,0,0,0,0,0,1651178750.206974,
0,0,0,0,0,0,1651178750.2131364,
0,0,0,0,0,0,1651178750.219298,
0,0,0,0,0,0,1651178750.2254598,
0,0,0,0,0,0,1651178750.2316444,
0,0,0,0,0,0,1651178750.2378132,
0,0,0,0,0,0,1651178750.2439766,
0,0,0,0,0,0,1651178750.2501378,
0,0,0,0,0,0,1651178750.2563002,
0,0,0,0,0,0,1651178750.2624593,
0,0,0,0,0,0,1651178750.2686205,
0,0,0,0,0,0,1651178750.2747815,
0,0,0,0,0,0,1651178750.2809448,
0,0,0,0,0,0,1651178750.2871335,
0,0,0,0,0,0,1651178750.293295,
0,0,0,0,0,0,1651178750.2994545,
0,0,0,0,0,0,1651178750.3056157,
0,0,0,0,0,0,1651178750.311775,
0,0,0,0,0,0,1651178750.3179357,
0,0,0,0,0,0,1651178750.324095,
0,0,0,0,0,0,1651178750.3302555,
0,0,0,0,0,0,1651178750.3364167,
0,0,0,0,0,0,1651178750.3425753,
0,0,0,0,0,0,1651178750.348735,
0,0,0,0,0,0,1651178750.3548956,
0,0,0,0,0,0,1651178750.361056,
0,0,0,0,0,0,1651178750.3672156,
0,0,0,0,0,0,1651178750.3733757,
0,0,0,0,0,0,1651178750.379535,
0,0,0,0,0,0,1651178750.3856957,
0,0,0,0,0,0,1651178750.3918545,
0,0,0,0,0,0,1651178750.3980148,
0,0,0,0,0,0,1651178750.4041748,
0,0,0,0,0,0,1651178750.4103334,
0,0,0,0,0,0,1651178750.4164934,
0,0,0,0,0,0,1651178750.4226503,
0,0,0,0,0,0,1651178750.4288628,
0,0,0,0,0,0,1651178750.4350429,
0,0,0,0,0,0,1651178750.4412413,
0,0,0,0,0,0,1651178750.4474132,
0,0,0,0,0,0,1651178750.4536088,
0,0,0,0,0,0,1651178750.4597933,
0,0,0,0,0,0,1651178750.4659603,
0,0,0,0,0,0,1651178750.472147,
0,0,0,0,0,0,1651178750.4783187,
0,0,0,0,0,0,1651178750.4844851,
0,0,0,0,0,0,1651178750.4906447,
0,0,0,0,0,0,1651178750.4968052,
0,0,0,0,0,0,1651178750.502965,
0,0,0,0,0,0,1651178750.5091252,
0,0,0,0,0,0,1651178750.5152862,
0,0,0,0,0,0,1651178750.5214472,
0,0,0,0,0,0,1651178750.5276072,
0,0,0,0,0,0,1651178750.5337687,
0,0,0,0,0,0,1651178750.539932,
0,0,0,0,0,0,1651178750.5460944,
0,0,0,0,0,0,1651178750.5522573,
0,0,0,0,0,0,1651178750.5584168,
0,0,0,0,0,0,1651178750.5645776,
0,0,0,0,0,0,1651178750.5707374,
0,0,0,0,0,0,1651178750.576898,
0,0,0,0,0,0,1651178750.5830579,
0,0,0,0,0,0,1651178750.58922,
0,0,0,0,0,0,1651178750.595381,
0,0,0,0,0,0,1651178750.601542,
0,0,0,0,0,0,1651178750.6077018,
0,0,0,0,0,0,1651178750.6138656,
0,0,0,0,0,0,1651178750.620026,
0,0,0,0,0,0,1651178750.6261897,
0,0,0,0,0,0,1651178750.6323526,
0,0,0,0,0,0,1651178750.6385608,
0,0,0,0,0,0,1651178750.644728,
0,0,0,0,0,0,1651178750.6508918,
0,0,0,0,0,0,1651178750.6570554,
0,0,0,0,0,0,1651178750.6632185,
0,0,0,0,0,0,1651178750.6693842,
0,0,0,0,0,0,1651178750.6755474,
0,0,0,0,0,0,1651178750.6817117,
0,0,0,0,0,0,1651178750.6878755,
0,0,0,0,0,0,1651178750.6940413,
0,0,0,0,0,0,1651178750.7002053,
0,0,0,0,0,0,1651178750.7063668,
0,0,0,0,0,0,1651178750.7125304,
0,0,0,0,0,0,1651178750.7186925,
0,0,0,0,0,0,1651178750.7248583,
0,0,0,0,0,0,1651178750.7310226,
0,0,0,0,0,0,1651178750.7371855,
0,0,0,0,0,0,1651178750.743348,
0,0,0,0,0,0,1651178750.7495186,
0,0,0,0,0,0,1651178750.7556813,
0,0,0,0,0,0,1651178750.7618492,
0,0,0,0,0,0,1651178750.768012,
0,0,0,0,0,0,1651178750.774176,
0,0,0,0,0,0,1651178750.7803397,
0,0,0,0,0,0,1651178750.7865021,
0,0,0,0,0,0,1651178750.7926636,
0,0,0,0,0,0,1651178750.7988205,
0,0,0,0,0,0,1651178750.8049822,
0,0,0,0,0,0,1651178750.8111422,
0,0,0,0,0,0,1651178750.817304,
0,0,0,0,0,0,1651178750.8234627,
0,0,0,0,0,0,1651178750.8296242,
0,0,0,0,0,0,1651178750.8357835,
0,0,0,0,0,0,1651178750.8419454,
0,0,0,0,0,0,1651178750.8481054,
0,0,0,0,0,0,1651178750.8542664,
0,0,0,0,0,0,1651178750.8604264,
0,0,0,0,0,0,1651178750.8665853,
0,0,0,0,0,0,1651178750.8727453,
0,0,0,0,0,0,1651178750.8789043,
0,0,0,0,0,0,1651178750.885064,
0,0,0,0,0,0,1651178750.8912215,
0,0,0,0,0,0,1651178750.8973825,
0,0,0,0,0,0,1651178750.9035413,
0,0,0,0,0,0,1651178750.9097009,
0,0,0,0,0,0,1651178750.9158597,
0,0,0,0,0,0,1651178750.92202,
0,0,0,0,0,0,1651178750.9282267,
0,0,0,0,0,0,1651178750.9344146,
0,0,0,0,0,0,1651178750.9405756,
0,0,0,0,0,0,1651178750.946741,
0,0,0,0,0,0,1651178750.952902,
0,0,0,0,0,0,1651178750.959063,
0,0,0,0,0,0,1651178750.9652257,
0,0,0,0,0,0,1651178750.9713843,
0,0,0,0,0,0,1651178750.9775448,
0,0,0,0,0,0,1651178750.9837072,
0,0,0,0,0,0,1651178750.9898674,
0,0,0,0,0,0,1651178750.9960296,
0,0,0,0,0,0,1651178751.00219,
0,0,0,0,0,0,1651178751.0083528,
0,0,0,0,0,0,1651178751.0145118,
0,0,0,0,0,0,1651178751.020671,
0,0,0,0,0,0,1651178751.0268285,
0,0,0,0,0,0,1651178751.0329869,
0,0,0,0,0,0,1651178751.039149,
0,0,0,0,0,0,1651178751.04531,
0,0,0,0,0,0,1651178751.0514688,
0,0,0,0,0,0,1651178751.0576947,
0,0,0,0,0,0,1651178751.0638728,
0,0,0,0,0,0,1651178751.070033,
0,0,0,0,0,0,1651178751.0762048,
0,0,0,0,0,0,1651178751.0823672,
0,0,0,0,0,0,1651178751.0885274,
0,0,0,0,0,0,1651178751.0946867,
0,0,0,0,0,0,1651178751.100847,
0,0,0,0,0,0,1651178751.107007,
0,0,0,0,0,0,1651178751.113167,
0,0,0,0,0,0,1651178751.1193254,
0,0,0,0,0,0,1651178751.1254876,
0,0,0,0,0,0,1651178751.1316478,
0,0,0,0,0,0,1651178751.1378098,
0,0,0,0,0,0,1651178751.143969,
0,0,0,0,0,0,1651178751.150129,
0,0,0,0,0,0,1651178751.1562889,
0,0,0,0,0,0,1651178751.1624467,
0,0,0,0,0,0,1651178751.1686049,
0,0,0,0,0,0,1651178751.1747644,
0,0,0,0,0,0,1651178751.1809235,
0,0,0,0,0,0,1651178751.1870825,
0,0,0,0,0,0,1651178751.1932428,
0,0,0,0,0,0,1651178751.1994014,
0,0,0,0,0,0,1651178751.2055616,
0,0,0,0,0,0,1651178751.2117207,
0,0,0,0,0,0,1651178751.2178864,
0,0,0,0,0,0,1651178751.2240458,
0,0,0,0,0,0,1651178751.2302682,
0,0,0,0,0,0,1651178751.2364368,
0,0,0,0,0,0,1651178751.2425992,
0,0,0,0,0,0,1651178751.2487576,
0,0,0,0,0,0,1651178751.2549164,
0,0,0,0,0,0,1651178751.2610755,
0,0,0,0,0,0,1651178751.2672346,
0,0,0,0,0,0,1651178751.2734149,
0,0,0,0,0,0,1651178751.2795746,
0,0,0,0,0,0,1651178751.285737,
0,0,0,0,0,0,1651178751.291898,
0,0,0,0,0,0,1651178751.2980607,
0,0,0,0,0,0,1651178751.3042233,
0,0,0,0,0,0,1651178751.3103726,
0,0,0,0,0,0,1651178751.316536,
0,0,0,0,0,0,1651178751.3226986,
0,0,0,0,0,0,1651178751.3288612,
0,0,0,0,0,0,1651178751.3350232,
0,0,0,0,0,0,1651178751.3411846,
0,0,0,0,0,0,1651178751.3473454,
0,0,0,0,0,0,1651178751.3535075,
0,0,0,0,0,0,1651178751.3596683,
0,0,0,0,0,0,1651178751.3658304,
0,0,0,0,0,0,1651178751.3719912,
0,0,0,0,0,0,1651178751.3781538,
0,0,0,0,0,0,1651178751.384316,
0,0,0,0,0,0,1651178751.3904755,
0,0,0,0,0,0,1651178751.3966362,
0,0,0,0,0,0,1651178751.4027963,
0,0,0,0,0,0,1651178751.4089582,
0,0,0,0,0,0,1651178751.4151187,
0,0,-0.18829516539440205,0,0,0,1651178751.4212816,
0.0737913486005089,0,-0.9211195928753181,0,0,0,1651178751.42747,
0.1501272264631043,0,-1.5089058524173027,0,0,0,1651178751.4336715,
0.22646310432569972,0,-2.0814249363867683,0,0,0,1651178751.4398425,
0.2875318066157761,0,-2.6844783715012723,0,0,0,1651178751.4460168,
0.3867684478371501,0,-3.073791348600509,0,0,0,1651178751.4521887,
0.3867684478371501,0,-3.0661577608142494,0,0.0328369140625,0,1651178751.45838,
0.47837150127226463,0,-2.791348600508906,0,0.0882568359375,0,1651178751.4645693,
0.2875318066157761,0,-2.1119592875318065,0,0.1011962890625,0,1651178751.470731,
0.18829516539440203,0,-1.302798982188295,0,0.0892333984375,0,1651178751.4768925,
0,0,-0.7837150127226463,0.009847005208333329,0.1063232421875,0,1651178751.4830546,
0.05852417302798981,0,-0.37150127226463103,0,0.0596923828125,0,1651178751.48923,
0.05089058524173027,-0.04961832061068694,-0.3486005089058524,0,0.0738525390625,0,1651178751.4953911,
0,0.027989821882951654,-0.7531806615776081,0,0.0960693359375,0,1651178751.5015633,
-1.4274809160305342,0,-1.0279898218829517,0,0.0841064453125,0,1651178751.5077248,
0.2951653944020356,-0.0725190839694656,-0.6921119592875318,0,0.0677490234375,0,1651178751.5138888,
0.539440203562341,-0.3702290076335877,1.3664122137404582,-0.0888671875,-0.3369140625,0,1651178751.5200496,
-0.10687022900763354,0,0.8625954198473283,-0.029296875,-0.656982421875,0,1651178751.526213,
0.11959287531806614,-0.06488549618320605,0.8931297709923663,0,-0.01171875,0,1651178751.5323613,
0,0,0.8702290076335878,0,-0.047607421875,0,1651178751.5385265,
0,0,0.5038167938931298,0,0,0,1651178751.5446916,
0.11959287531806614,0,0.46564885496183206,0,0.0833740234375,0,1651178751.5508547,
0.2569974554707379,0,0.15267175572519087,0,0,0,1651178751.5570168,
0.5852417302798982,0,0.5343511450381679,0,0,0,1651178751.5631785,
0.8066157760814249,0.4860050890585242,0.9770992366412213,0,0,0,1651178751.569342,
0.5318066157760815,0.020356234096692113,1.1221374045801529,0,0.0194091796875,0,1651178751.5755038,
0.8676844783715012,0.1272264631043257,1.3435114503816794,0,0.0347900390625,0,1651178751.5816667,
0.9592875318066157,0.6844783715012723,0,0,0,0,1651178751.5878286,
0.7531806615776081,0.7073791348600509,2.2748091603053435,0,0.0113525390625,0,1651178751.5939918,
0.40966921119592875,0.8142493638676844,2.6641221374045805,0.08040364583333333,0.0931396484375,0,1651178751.600154,
2.005089058524173,0.9821882951653944,3.778625954198473,0.08455403645833333,0.0137939453125,0,1651178751.6063135,
0,1.0127226463104326,4.480916030534352,0.08870442708333333,0,0,1651178751.6124756,
-0.04580152671755722,0.8676844783715012,5.396946564885496,0.03719075520833333,0,0,1651178751.6186414,
-0.19083969465648853,1.2798982188295165,5.641221374045801,0,0,0,1651178751.6248045,
-0.32061068702290074,1.2035623409669212,5.175572519083969,-0.024169921875,0,0,1651178751.6309662,
-0.03053435114503822,0.638676844783715,4.564885496183206,-0.0341796875,0,0,1651178751.6371303,
-0.038167938931297773,0.806615776081425,4.412213740458015,-0.02001953125,0,0,1651178751.6432922,
-0.15267175572519087,0.7531806615776082,4.1603053435114505,-0.005126953125,0,0,1651178751.6494544,
-0.0992366412213741,0.6768447837150127,4.229007633587786,0,0,0,1651178751.6556697,
-0.29007633587786263,0.5089058524173028,4.2748091603053435,0,0,0,1651178751.6618564,
-0.5419847328244275,0,4.419847328244275,0,0.0167236328125,0,1651178751.668039,
-0.8625954198473283,-0.20992366412213737,4.488549618320611,0,0.0474853515625,0,1651178751.6742496,
-1.3129770992366412,-1.316793893129771,4.442748091603054,0,0.0550537109375,0,1651178751.6804602,
-1.83206106870229,-1.7137404580152673,4.221374045801527,0,0.0491943359375,0,1651178751.686722,
-2.312977099236641,-2.049618320610687,3.9312977099236646,0,0.0355224609375,0,1651178751.6929374,
-2.648854961832061,-2.3625954198473282,3.312977099236641,0,0.0184326171875,0,1651178751.6991568,
-2.1145038167938934,-2.9809160305343507,2.450381679389313,0,0,0,1651178751.7053654,
-3.282442748091603,-3.4389312977099236,1.49618320610687,0,0,0,1651178751.711603,
-0.8549618320610687,-3.706106870229008,0.9160305343511451,0,0,0,1651178751.7178295,
-0.5419847328244275,-3.942748091603054,0.3740458015267176,0,0,0,1651178751.724041,
-0.22137404580152675,-4.354961832061069,0,0,0,0,1651178751.7305865,
0,-4.469465648854962,-0.4249363867684478,0,0,0,1651178751.7367833,
0,-4.370229007633588,-0.6310432569974554,0,-0.0146484375,0,1651178751.7429488,
0.02798982188295164,-4.156488549618321,-0.5241730279898219,0,0,0,1651178751.7491128,
0,-3.599236641221374,-0.48600508905852413,-0.009033203125,-0.00244140625,0,1651178751.7552762,
-0.4122137404580153,-2.6374045801526718,-0.23409669211195927,0,0,0,1651178751.7614415,
-1.0916030534351147,-1.7595419847328244,0,-0.0107421875,0,0,1651178751.767606,
-1.67175572519084,-0.8129770992366412,0,-0.019287109375,0,0,1651178751.7737703,
-2.0076335877862594,0,0,-0.01953125,0,0,1651178751.7799342,
-2.2977099236641223,0.40966921119592875,0,-0.010009765625,-0.012939453125,0,1651178751.786099,
-2.603053435114504,1.1577608142493638,0.06106870229007638,0,-0.017822265625,0,1651178751.7922633,
-2.7251908396946565,1.7837150127226462,0.01526717557251911,0,-0.004638671875,0,1651178751.7984242,
-2.6412213740458017,1.9821882951653944,0,0,0,0,1651178751.8045862,
-2.312977099236641,1.8142493638676844,-0.1272264631043257,0,0,0,1651178751.8107479,
-1.7786259541984735,1.470737913486005,-0.24173027989821882,0,0,0,1651178751.816909,
-1.2595419847328246,1.0814249363867685,-0.24173027989821882,0,0,0,1651178751.8230636,
-0.8244274809160305,0.5394402035623409,-0.28753180661577604,0,0,0,1651178751.829225,
-0.35114503816793896,0,-0.24936386768447838,0,0,0,1651178751.8353853,
-0.0992366412213741,0,-0.17302798982188294,0,-0.001220703125,0,1651178751.8415632,
-0.03053435114503822,-0.4847328244274809,-0.25699745547073793,0,-0.020263671875,0,1651178751.8477252,
-0.10687022900763354,-0.782442748091603,-0.22646310432569977,0,-0.03125,0,1651178751.853895,
-0.30534351145038174,-0.7366412213740459,-0.08142493638676845,0,-0.030517578125,0,1651178751.8600538,
-0.5114503816793893,-0.5,-0.2035623409669211,0,-0.028564453125,0,1651178751.866215,
-0.6106870229007634,-0.1564885496183206,-0.3333333333333333,0,-0.01611328125,0,1651178751.8723767,
-0.7404580152671755,0,-0.4936386768447837,0,0,0,1651178751.8785357,
-0.8320610687022901,0,-0.6844783715012722,0,0,0,1651178751.8846965,
-0.900763358778626,0.272264631043257,-0.7684478371501272,0,0,0,1651178751.8908558,
-0.8320610687022901,0.6157760814249365,-0.6768447837150127,0,0,0,1651178751.897016,
-0.7938931297709925,0.7379134860050891,-0.6539440203562341,0,0,0,1651178751.903175,
-0.6870229007633587,0.7608142493638677,-0.55470737913486,0,0,0,1651178751.9093356,
-0.6106870229007634,0.7302798982188294,-0.4707379134860051,0,0,0,1651178751.9154944,
-0.5419847328244275,0.6539440203562341,-0.32569974554707376,0,0,0,1651178751.9216552,
-0.4580152671755725,0.5241730279898219,-0.21119592875318066,0,0,0,1651178751.9278536,
-0.3129770992366412,0.27989821882951654,-0.17302798982188294,0,0,0,1651178751.9340584,
-0.10687022900763354,0,-0.25699745547073793,0,0,0,1651178751.940226,
0,0,-0.24936386768447838,0,0,0,1651178751.9463923,
0,-0.14885496183206104,-0.3333333333333333,0,0,0,1651178751.9525542,
0,-0.416030534351145,-0.3562340966921119,0,0,0,1651178751.9587195,
0,-0.37786259541984735,-0.31806615776081426,0,0,0,1651178751.9648821,
0,-0.2557251908396947,-0.44783715012722647,0,0,0,1651178751.9710426,
0,0,-0.6463104325699746,0,0,0,1651178751.977204,
0,0,-0.7913486005089059,0,0,0,1651178751.9833665,
-0.05343511450381677,0.22646310432569974,-0.8600508905852418,0,0,0,1651178751.9895287,
-0.3435114503816794,0.455470737913486,-0.905852417302799,0,0,0,1651178751.9956896,
-0.5725190839694657,0.6005089058524173,-0.8676844783715013,0,0,0,1651178752.0018513,
-0.8244274809160305,0.72264631043257,-0.9363867684478371,0,0,0,1651178752.0080113,
-1.0076335877862594,0.7302798982188294,-0.9211195928753181,0,0,0,1651178752.0141737,
-1.0229007633587788,0.8829516539440203,-1.020356234096692,0,0,0,1651178752.0203354,
-0.9541984732824428,0.8447837150127226,-1.2264631043256997,0,0,0,1651178752.026494,
-0.8625954198473283,0.5241730279898219,-1.3333333333333333,0,0,0,1651178752.0326617,
-0.8625954198473283,0.10432569974554706,-1.4402035623409668,0,0,0,1651178752.0388238,
-0.8854961832061069,0,-1.7608142493638677,0,0,0,1651178752.0449865,
-0.8778625954198472,0,-1.8676844783715012,0,0,0,1651178752.0511456,
-0.732824427480916,-0.2557251908396947,-1.936386768447837,0,0,0,1651178752.0573058,
-0.5954198473282443,-0.37786259541984735,-2.188295165394402,0,0,0,1651178752.0634644,
-0.41984732824427484,-0.19465648854961826,-2.455470737913486,0,0,0,1651178752.0696247,
-0.29007633587786263,0,-2.5852417302798982,0,0,0,1651178752.0757844,
-0.19083969465648853,0,-2.7455470737913488,0,0,0,1651178752.0819461,
0,0,-2.72264631043257,0,0,0,1651178752.0881062,
0,0,-2.6157760814249365,0,0,0,1651178752.0942676,
0,0,-2.4707379134860052,0,0,0,1651178752.1004298,
0,0.21882951653944022,-2.4631043256997454,0,0,0,1651178752.1065884,
0.04325699745547073,0.2951653944020356,-2.3944020356234095,0,0,0,1651178752.1127486,
0,0.4173027989821883,-2.3791348600508906,0,-0.00439453125,0,1651178752.118908,
0,0.5012722646310432,-2.4325699745547076,0,-0.012939453125,0,1651178752.1250675,
-0.17557251908396942,0.6234096692111959,-2.6157760814249365,0,-0.00927734375,0,1651178752.1312263,
-0.36641221374045807,0.8753180661577609,-2.7760814249363865,0,-0.0458984375,0,1651178752.1373875,
-0.5114503816793893,0.7684478371501273,-3.157760814249364,0,-0.048095703125,0,1651178752.1435463,
-0.6335877862595419,0.5012722646310432,-3.5470737913486006,0,-0.033447265625,0,1651178752.149707,
-0.7480916030534351,0.3104325699745547,-3.8524173027989823,0,-0.019287109375,0,1651178752.155866,
-0.8549618320610687,0.26463104325699743,-3.8829516539440205,0,-0.001708984375,0,1651178752.1620262,
-0.7938931297709925,0.14249363867684478,-3.7455470737913488,0,0,0,1651178752.1681862,
-0.7099236641221375,0.0737913486005089,-3.524173027989822,0,0,0,1651178752.1743445,
-0.5801526717557252,0.19592875318066158,-3.2569974554707377,0,0,0,1651178752.1805043,
-0.38167938931297707,0.3791348600508906,-3.0814249363867683,0,0,0,1651178752.1866739,
-0.10687022900763354,0.5623409669211196,-2.9287531806615776,0,0,0,1651178752.1928332,
0,0.638676844783715,-2.8066157760814248,0,0,0,1651178752.198992,
0.0737913486005089,0.5776081424936387,-2.6615776081424936,0,0,0,1651178752.205151,
0.21119592875318066,0.7455470737913485,-2.4783715012722647,0,0,0,1651178752.2113113,
0.26463104325699743,1.2798982188295165,-2.3256997455470736,0,0,0,1651178752.217472,
0.31806615776081426,1.3104325699745547,-2.3333333333333335,0,0,0,1651178752.2236333,
0.30279898218829515,1.3486005089058524,-2.340966921119593,0,0,0,1651178752.2298088,
0.2188295165394402,1.3180661577608141,-2.4020356234096694,0,0,0,1651178752.2359717,
0,1.3333333333333333,-2.5623409669211195,0,-0.00244140625,0,1651178752.2421331,
0,1.4020356234096691,-2.600508905852417,0,-0.019775390625,0,1651178752.2483375,
-0.2595419847328244,1.38676844783715,-2.653944020356234,0,-0.018310546875,0,1651178752.254569,
-0.43511450381679395,1.302798982188295,-2.8753180661577606,0,-0.01806640625,0,1651178752.2607582,
-0.5572519083969466,1.020356234096692,-3.0432569974554706,0,-0.02587890625,0,1651178752.2669218,
-0.6106870229007634,0.5623409669211196,-3.150127226463104,0,-0.004638671875,0,1651178752.273082,
-0.4885496183206107,0.15012722646310434,-3.2493638676844783,0,0,0,1651178752.279245,
-0.18320610687022898,0.1272264631043257,-3.0432569974554706,0,0,0,1651178752.2854118,
0,0.4020356234096692,-2.7455470737913488,0,0,0,1651178752.2915761,
0,0.4631043256997455,-2.623409669211196,0,0,0,1651178752.297742,
0,0.3562340966921119,-2.455470737913486,0,0,0,1651178752.3039045,
0.1653944020356234,0.4402035623409669,-2.4173027989821882,0,0,0,1651178752.3100684,
0.31806615776081426,0.7531806615776082,-2.340966921119593,0,0,0,1651178752.316237,
0.40966921119592875,0.921119592875318,-2.4020356234096694,0,0,0,1651178752.3224046,
0.3867684478371501,0.9592875318066159,-2.4783715012722647,0,0,0,1651178752.3285697,
0.2875318066157761,0.7302798982188294,-2.6463104325699747,0,-0.01708984375,0,1651178752.3347301,
0.2035623409669211,0.5394402035623409,-2.6463104325699747,0,-0.030029296875,0,1651178752.3408945,
0.11959287531806614,0.5318066157760815,-2.7302798982188294,0,-0.03662109375,0,1651178752.3470566,
0.03562340966921119,0.5852417302798982,-2.8829516539440205,0,-0.025634765625,0,1651178752.3532197,
0,0.4631043256997455,-3.1348600508905853,0,-0.01220703125,0,1651178752.359386,
0,0.17302798982188294,-3.188295165394402,0,-0.02734375,0,1651178752.365551,
-0.01526717557251911,0,-3.21882951653944,0,-0.037109375,0,1651178752.3717139,
0,0,-3.073791348600509,0,-0.031005859375,0,1651178752.377882,
0,0,-2.8142493638676847,0,-0.05029296875,0,1651178752.3840437,
0,0,-2.539440203562341,0,-0.01708984375,0,1651178752.3902075,
0.05852417302798981,0,-2.3333333333333335,0,0,0,1651178752.3963842,
0.3562340966921119,0,-2.272264631043257,0,0,0,1651178752.402546,
0.6310432569974554,0,-2.241730279898219,0,0,0,1651178752.4087088,
0.8905852417302799,0,-2.127226463104326,0,0,0,1651178752.4148703,
1.0508905852417303,0,-2.104325699745547,0,0,0,1651178752.4210331,
1.1195928753180662,0.1272264631043257,-2.0814249363867683,0,0,0,1651178752.4272158,
1.142493638676845,0.42493638676844786,-2.1424936386768447,0,-0.009033203125,0,1651178752.4334223,
1.104325699745547,0.6310432569974554,-2.119592875318066,0,-0.016845703125,0,1651178752.4396002,
1.0814249363867685,0.7379134860050891,-2.1119592875318065,0,-0.03466796875,0,1651178752.4457784,
0.9745547073791349,0.9058524173027991,-2.0203562340966923,0,-0.022216796875,0,1651178752.451964,
0.8371501272264631,1.0814249363867685,-2.127226463104326,0,-0.0107421875,0,1651178752.4581466,
0.737913486005089,1.0508905852417303,-2.241730279898219,0,-0.0166015625,0,1651178752.4643128,
0.72264631043257,0.9363867684478371,-2.287531806615776,0,-0.0126953125,0,1651178752.470475,
0.7150127226463104,0.6768447837150127,-2.3791348600508906,0,-0.018798828125,0,1651178752.4766366,
0.7150127226463104,0.44783715012722647,-2.3944020356234095,0,0,0,1651178752.4827979,
0.8066157760814249,0.3104325699745547,-2.340966921119593,0,-0.001953125,0,1651178752.4889605,
0.8295165394402035,0.09669211195928754,-2.2569974554707377,0,0,0,1651178752.495123,
0.8524173027989822,0,-1.9669211195928753,0.0008138020833333287,0,0,1651178752.5012958,
0.8676844783715012,0,-1.6615776081424936,0.004231770833333329,0,0,1651178752.507461,
0.9592875318066157,0,-1.4936386768447838,0.02596028645833333,0,0,1651178752.513626,
1.157760814249364,-0.057251908396946494,-1.3486005089058524,0.02327473958333333,0,0,1651178752.5197885,
1.2798982188295167,-0.16412213740458015,-1.2875318066157762,0.006184895833333329,0,0,1651178752.525951,
1.4936386768447838,-0.19465648854961826,-1.3104325699745547,0.0013020833333333287,0,0,1651178752.5321124,
1.5776081424936388,-0.22519083969465647,-1.2798982188295165,0,0,0,1651178752.538289,
1.5623409669211197,-0.2175572519083968,-1.1195928753180662,0,-0.0107421875,0,1651178752.5444531,
1.4783715012722647,-0.10305343511450382,-1.0966921119592876,0,-0.012939453125,0,1651178752.5506146,
1.3791348600508906,0,-1.0737913486005088,0,-0.02490234375,0,1651178752.556779,
1.2646310432569976,0,-1.1424936386768447,0,-0.02490234375,0,1651178752.5629416,
1.2111959287531808,-0.011450381679389277,-1.0585241730279897,0,-0.025390625,0,1651178752.5691037,
1.173027989821883,0,-1.0661577608142494,0.0030110677083333287,-0.021240234375,0,1651178752.5752647,
1.104325699745547,0,-1.0279898218829517,0.011555989583333329,-0.005859375,0,1651178752.5814276,
0.9745547073791349,0,-0.9821882951653944,0,-0.004150390625,0,1651178752.5875893,
0.9134860050890585,0,-0.8905852417302799,0.006673177083333329,-0.0029296875,0,1651178752.593752,
0.8829516539440203,0,-0.8676844783715013,0.0008138020833333287,-0.010009765625,0,1651178752.5999126,
0.7913486005089059,0.08142493638676845,-0.6692111959287531,0,-0.026611328125,0,1651178752.606076,
0.7073791348600509,0.17302798982188294,-0.6005089058524173,0.007161458333333329,-0.012451171875,0,1651178752.6122386,
0.6463104325699746,0.19592875318066158,-0.6310432569974554,0,-0.011474609375,0,1651178752.6183994,
0.6463104325699746,0.09669211195928754,-0.6005089058524173,0.02278645833333333,-0.012939453125,0,1651178752.6245615,
0.6921119592875318,0,-0.5470737913486005,0.03987630208333333,0,0,1651178752.6307228,
0.737913486005089,0,-0.6844783715012722,0.03645833333333333,0,0,1651178752.636885,
0.8905852417302799,0,-0.7684478371501272,0.04451497395833333,-0.01806640625,0,1651178752.6430504,
0.9211195928753181,0,-0.8295165394402035,0.03963216145833333,-0.0224609375,0,1651178752.6492264,
0.8829516539440203,-0.11832061068702282,-0.8905852417302799,0.03304036458333333,-0.03369140625,0,1651178752.6553903,
0.8829516539440203,-0.19465648854961826,-0.9745547073791349,0.03181966145833333,-0.0380859375,0,1651178752.661554,
0.8753180661577608,-0.22519083969465647,-0.989821882951654,0.04402669270833333,-0.013916015625,0,1651178752.6677177,
0.7608142493638677,-0.2557251908396947,-0.9363867684478371,0.04060872395833333,-0.015380859375,0,1651178752.6738806,
0.6310432569974554,-0.24045801526717558,-0.821882951653944,0.03987630208333333,-0.0068359375,0,1651178752.680042,
0.6463104325699746,-0.29389312977099236,-0.7913486005089059,0.03719075520833333,0,0,1651178752.6862056,
0.6921119592875318,-0.26335877862595414,-0.5699745547073791,0.02425130208333333,0,0,1651178752.6923854,
0.8066157760814249,-0.0725190839694656,-0.34096692111959287,0.04427083333333333,0,0,1651178752.698547,
0.9134860050890585,0,-0.13486005089058523,0.01814778645833333,0,0,1651178752.7047088,
0.989821882951654,0,0,0.04915364583333333,0,0,1651178752.710871,
1.2111959287531808,0,0,0.04744466145833333,0,0,1651178752.7170331,
1.3791348600508906,0,0,0.04915364583333333,0,0,1651178752.7231996,
1.524173027989822,0,0,0.05940755208333333,0,0,1651178752.7293625,
1.592875318066158,0,0,0.07625325520833333,0,0,1651178752.7355268,
1.592875318066158,0,0,0.08064778645833333,0,0,1651178752.7416892,
1.6005089058524173,0,0,0.06844075520833333,0,0,1651178752.74785,
1.424936386768448,-0.06488549618320605,0,0.07600911458333333,0,0,1651178752.7540138,
1.2188295165394403,-0.12595419847328237,0,0.06697591145833333,0,0,1651178752.7601762,
1.0279898218829517,-0.11832061068702282,0,0.05794270833333333,0,0,1651178752.7663388,
0.8753180661577608,-0.08015267175572516,-1.9821882951653944,0.04353841145833333,0,0,1651178752.7725055,
0.6997455470737913,-0.04961832061068694,-0.19592875318066155,0.03572591145833333,0,0,1651178752.7786798,
0.43256997455470736,0,-0.21882951653944022,0.05379231770833333,0,0,1651178752.784843,
0.18829516539440203,0,-0.06615776081424936,0.05403645833333333,0,0,1651178752.7910051,
0.13486005089058523,0,0.03816793893129772,0.03767903645833333,0,0,1651178752.7971673,
0.17302798982188294,0,0.16793893129770993,0.02327473958333333,0,0,1651178752.8033292,
0.22646310432569972,0,0.33587786259541985,0.03597005208333333,0,0,1651178752.809492,
0.24936386768447838,0,0.33587786259541985,0.03279622395833333,0,0,1651178752.8156538,
0.24173027989821882,0,0.43511450381679395,0.03133138020833333,0,0,1651178752.821833,
0.34096692111959287,0,0.5114503816793894,0.02888997395833333,0,0,1651178752.8279939,
0.55470737913486,0,0.5190839694656488,0.03279622395833333,0,0,1651178752.834157,
0.72264631043257,0,0.5190839694656488,0.03450520833333333,0,0,1651178752.8403187,
0.8447837150127226,0,0.5725190839694657,0.04109700520833333,0,0,1651178752.8464718,
0.9363867684478371,-0.011450381679389277,0.5572519083969466,0.05672200520833333,0,0,1651178752.852665,
0.8982188295165394,-0.057251908396946494,0.6412213740458016,0.04817708333333333,0,0,1651178752.8588862,
0.7989821882951653,-0.0725190839694656,0.5801526717557253,0.04622395833333333,0,0,1651178752.8650577,
0.47837150127226463,-0.04961832061068694,0.40458015267175573,0.04207356770833333,0,0,1651178752.8712206,
0.26463104325699743,-0.2175572519083968,0.03053435114503822,0.04256184895833333,0,0,1651178752.8773937,
6.073791348600508,-1.1106870229007633,-0.3486005089058524,0.05989583333333333,-0.185791015625,0,1651178752.88356,
5.096692111959287,-0.9656488549618321,0.4961832061068703,0.06087239583333333,0,0,1651178752.8900695,
4.020356234096692,-2.3473282442748094,0.816793893129771,0.09016927083333333,0,0,1651178752.8962345,
3.493638676844784,-3.5305343511450387,0.4580152671755725,0,0,0,1651178752.9023936,
1.340966921119593,-1.2786259541984732,-0.10432569974554708,0,0.0682373046875,0,1651178752.9085538,
0,0.25699745547073793,0.6564885496183206,0.012532552083333329,0,0,1651178752.9147124,
-0.2595419847328244,-0.9198473282442747,0.633587786259542,0,0,0,1651178752.9208722,
-0.07633587786259544,-2.7671755725190836,0.3587786259541985,0,0,0,1651178752.9270737,
0,-1.4236641221374045,0.6717557251908397,0,0,0,1651178752.933282,
0,0,0.5954198473282443,0,0,0,1651178752.939472,
0.1119592875318066,0.05089058524173028,0.633587786259542,0,0,0,1651178752.9457183,
0.3104325699745547,0.5623409669211196,0.8091603053435116,0,0,0,1651178752.952048,
0.40966921119592875,1.3562340966921118,0.9618320610687022,0,0,0,1651178752.958245,
0.7073791348600509,2.569974554707379,1.1297709923664123,0.0017903645833333287,0,0,1651178752.964414,
1.0432569974554708,3.4173027989821882,1.4045801526717558,0.02132161458333333,0,0,1651178752.9705734,
0.8447837150127226,2.959287531806616,1.67175572519084,0,0,0,1651178752.9767334,
0.39440203562340964,1.470737913486005,1.5190839694656488,0,0,0,1651178752.9828932,
0.1501272264631043,0.6310432569974554,1.33587786259542,0,0,0,1651178752.9890556,
0.06615776081424936,0.7989821882951653,1.0,0,0,0,1651178752.995216,
0.19592875318066155,1.1119592875318065,0.6183206106870229,0,0,0,1651178753.0013773,
0.3333333333333333,1.8829516539440203,0.43511450381679395,0,0,0,1651178753.0075378,
0.4020356234096692,1.9516539440203562,0.3740458015267176,0,0,0,1651178753.0137,
0.06615776081424936,1.8905852417302798,1.2900763358778624,0,0,0,1651178753.0198584,
0.13486005089058523,0.7302798982188294,0.2977099236641222,0,0,0,1651178753.0260189,
0.08142493638676844,0.6844783715012723,0.30534351145038174,0,0,0,1651178753.0321794,
0,0.921119592875318,0.5725190839694657,0,0,0,1651178753.0383399,
0,0.6234096692111959,0.7709923664122137,0,0,0,1651178753.044501,
0,1.2035623409669212,1.5877862595419847,0,0.0391845703125,0,1651178753.0506752,
0,0.7913486005089059,1.1755725190839694,0,0,0,1651178753.058177,
0,0.6463104325699744,1.67175572519084,0,0,0,1651178753.0644083,
0,0.72264631043257,1.4427480916030535,0,0,0,1651178753.070583,
0,0.44783715012722647,1.4885496183206106,0,0,0,1651178753.0767586,
0,0.6844783715012723,1.7786259541984735,0,0,0,1651178753.082934,
-0.2442748091603053,0.2951653944020356,2.3282442748091605,0,0,0,1651178753.0891092,
-0.43511450381679395,0,2.687022900763359,0,0,0,1651178753.095284,
-0.5267175572519084,0,2.4122137404580153,0,0.0042724609375,0,1651178753.1014628,
-0.3740458015267175,0,2.068702290076336,0,0,0,1651178753.1076376,
-0.15267175572519087,0,1.8702290076335881,0,0,0,1651178753.1138263,
-0.25190839694656486,0,1.49618320610687,0,0,0,1651178753.1200006,
-0.2595419847328244,0,0.8473282442748092,0,0,0,1651178753.126179,
-0.20610687022900764,0,0.4885496183206107,0,0,0,1651178753.1323538,
-0.10687022900763354,0,0.46564885496183206,0,0,0,1651178753.1385267,
-0.15267175572519087,0,0.7099236641221375,0,0,0,1651178753.1447,
-0.38167938931297707,0,0.8625954198473283,0,0,0,1651178753.1508737,
-0.5496183206106869,0,0.7709923664122137,0,0.0186767578125,0,1651178753.1571136,
-0.5496183206106869,0,0.5877862595419847,0,0.0189208984375,0,1651178753.163319,
-1.0381679389312977,0,0.15267175572519087,0,0.0240478515625,0,1651178753.1695025,
-2.8931297709923665,0,0,0.0010579427083333287,0.0098876953125,0,1651178753.1757004,
-5.984732824427481,0,-0.22646310432569977,0.02058919270833333,0.0123291015625,0,1651178753.181872,
-8.618320610687023,-0.42366412213740445,-1.837150127226463,0.05208333333333333,0.0125732421875,0,1651178753.1880295,
1.0356234096692112,-0.9122137404580153,1.2213740458015265,0,-0.09423828125,0,1651178753.1942081,
-0.20610687022900764,0,0.2824427480916031,0.12825520833333331,0.0606689453125,0,1651178753.2003865,
0,0,0.3969465648854962,0,0,0,1651178753.206562,
0,0,0.38167938931297707,0,0,0,1651178753.212739,
0,0,0.4961832061068703,0,0,0,1651178753.2189271,
0,0,0.7022900763358779,0,0,0,1651178753.2251039,
0,0,0.6946564885496184,0,0,0,1651178753.2312927,
0,0,0.6259541984732825,0,0,0,1651178753.2374706,
-0.01526717557251911,0,0.4274809160305344,0,0,0,1651178753.2436483,
0,0,0.11450381679389315,0,0,0,1651178753.2498512,
0,0,0,0,0,0,1651178753.2560344,
0,0,0,0,0,0,1651178753.2622023,
0,0,0,0,0,0,1651178753.268394,
0,0,0,0,0,0,1651178753.2745695,
0,0,0.01526717557251911,0,0,0,1651178753.2807448,
0,0,0,0,0,0,1651178753.286919,
0,0,0,0,0,0,1651178753.2930946,
-0.08396946564885499,0.272264631043257,0.04580152671755727,0,0,0,1651178753.2992702,
-0.16793893129770998,0.035623409669211195,0.22137404580152675,0,0,0,1651178753.3054469,
-0.10687022900763354,0.0737913486005089,0.16793893129770993,0,0,0,1651178753.3116214,
-0.07633587786259544,0.05089058524173028,0.09923664122137404,0,0,0,1651178753.3177986,
-0.01526717557251911,0,0.007633587786259555,0,0,0,1651178753.3239746,
-0.14503816793893132,0.24173027989821882,0,0,0,0,1651178753.3301523,
0,0,0,0,0,0,1651178753.3363287,
0,0,0,0,0,0,1651178753.3425028,
0,0,0,0,0,0,1651178753.3486784,
0,0,0,0,0,0,1651178753.3548536,
0,0,0,0,0,0,1651178753.3610291,
0,0,0,0,0,0,1651178753.3672035,
0,0,0,0,0,0,1651178753.3733795,
0,0,0,0,0,0,1651178753.3795536,
0,0,0,0,0,0,1651178753.3857293,
0,0,0,0,0,0,1651178753.3919034,
0,0,0,0,0,0,1651178753.3980815,
0,0,0,0,0,0,1651178753.4042578,
0,0,0,0,0,0,1651178753.4104314,
0,0,0,0,0,0,1651178753.4166062,
0,0,0,0,0,0,1651178753.4227812,
0,0,0,0,0,0,1651178753.4290302,
0,0,0,0,0,0,1651178753.435232,
0,0,0,0,0,0,1651178753.4414358,
0,0,0,0,0,0,1651178753.4476237,
0,0,0,0,0,0,1651178753.4538357,
0,0,0,0,0,0,1651178753.4600494,
0,0,0,0,0,0,1651178753.466237,
0,0,0,0,0,0,1651178753.4724135,
0,0,0,0,0,0,1651178753.4786015,
0,0,0,0,0,0,1651178753.4847808,
0,0,0,0,0,0,1651178753.4909563,
0,0,0,0,0,0,1651178753.4971325,
0,0,0,0,0,0,1651178753.5033073,
0,0,0,0,0,0,1651178753.5094836,
0,0,0,0,0,0,1651178753.5156584,
0,0,0,0,0,0,1651178753.5218334,
0,0,0,0,0,0,1651178753.5280213,
0,0,0,0,0,0,1651178753.5344198,
0,0,0,0,0,0,1651178753.5406065,
0,0,0,0,0,0,1651178753.5467834,
0,0,0,0,0,0,1651178753.5529633,
0,0,0,0,0,0,1651178753.559144,
0,0,0,0,0,0,1651178753.5653212,
0,0,0,0,0,0,1651178753.5714967,
0,0,0,0,0,0,1651178753.5776727,
0,0,0,0,0,0,1651178753.5838485,
0,0,0,0,0,0,1651178753.5900257,
0,0,0,0,0,0,1651178753.5962017,
0,0,0,0,0,0,1651178753.6023765,
0,0,0,0,0,0,1651178753.6085532,
0,0,0,0,0,0,1651178753.6147287,
0,0,0,0,0,0,1651178753.6209033,
0,0,0,0,0,0,1651178753.627167,
0,0,0,0,0,0,1651178753.6333454,
0,0,0,0,0,0,1651178753.6395388,
0,0,0,0,0,0,1651178753.6457345,
0,0,0,0,0,0,1651178753.651911,
0,0,0,0,0,0,1651178753.6580875,
0,0,0,0,0,0,1651178753.6642644,
0,0,0,0,0,0,1651178753.67044,
0,0,0,0,0,0,1651178753.6766152,
0,0,0,0,0,0,1651178753.6827896,
0,0,0,0,0,0,1651178753.6889646,
0,0,0,0,0,0,1651178753.6951396,
0,0,0,0,0,0,1651178753.7013154,
0,0,0,0,0,0,1651178753.7074914,
0,0,0,0,0,0,1651178753.7136695,
0,0,0,0,0,0,1651178753.7198443,
0,0,0,0,0,0,1651178753.7260222,
0,0,0,0,0,0,1651178753.7322,
0,0,0,0,0,0,1651178753.7383735,
0,0,0,0,0,0,1651178753.7445607,
0,0,0,0,0,0,1651178753.7507353,
0,0,0,0,0,0,1651178753.7569103,
0,0,0,0,0,0,1651178753.763086,
0,0,0,0,0,0,1651178753.7692633,
0,0,0,0,0,0,1651178753.7754388,
0,0,0,0,0,0,1651178753.781615,
0,0,0,0,0,0,1651178753.7877898,
0,0,0,0,0,0,1651178753.7939663,
0,0,0,0,0,0,1651178753.8001409,
0,0,0,0,0,0,1651178753.8063142,
0,0,0,0,0,0,1651178753.8124895,
0,0,0,0,0,0,1651178753.8186636,
0,0,0,0,0,0,1651178753.8248377,
0,0,0,0,0,0,1651178753.8310118,
0,0,0,0,0,0,1651178753.8371859,
0,0,0,0,0,0,1651178753.843363,
0,0,0,0,0,0,1651178753.849539,
0,0,0,0,0,0,1651178753.855712,
0,0,0,0,0,0,1651178753.8618867,
0,0,0,0,0,0,1651178753.868091,
0,0,0,0,0,0,1651178753.8744566,
0,0,0,0,0,0,1651178753.8807924,
0,0,0,0,0,0,1651178753.8871136,
0,0,0,0,0,0,1651178753.893336,
0,0,0,0,0,0,1651178753.899671,
0,0,0,0,0,0,1651178753.9059134,
0,0,0,0,0,0,1651178753.912193,
0,0,0,0,0,0,1651178753.9185913,
0,0,0,0,0,0,1651178753.9260392,
0,0,0,0,0,0,1651178753.9330342,
0,0,0,0,0,0,1651178753.9392061,
0,0,0,0,0,0,1651178753.9453642,
0,0,0,0,0,0,1651178753.9515646,
0,0,0,0,0,0,1651178753.957712,
0,0,0,0,0,0,1651178753.96386,
0,0,0,0,0,0,1651178753.970003,
0,0,0,0,0,0,1651178753.9761465,
0,0,0,0,0,0,1651178753.982303,
0,0,0,0,0,0,1651178753.988472,
0,0,0,0,0,0,1651178753.994641,
0,0,0,0,0,0,1651178754.0008085,
0,0,0,0,0,0,1651178754.0069811,
0,0,0,0,0,0,1651178754.0131538,
0,0,0,0,0,0,1651178754.0193188,
0,0,0,0,0,0,1651178754.0254843,
0,0,0,0,0,0,1651178754.0316496,
0,0,0,0,0,0,1651178754.0378299,
0,0,0,0,0,0,1651178754.0440001,
0,0,0,0,0,0,1651178754.0501678,
0,0,0,0,0,0,1651178754.0563984,
0,0,0,0,0,0,1651178754.0625896,
0,0,0,0,0,0,1651178754.0687592,
0,0,0,0,0,0,1651178754.0749273,
0,0,0,0,0,0,1651178754.0810966,
0,0,0,0,0,0,1651178754.0872602,
0,0,0,0,0,0,1651178754.093428,
0,0,0,0,0,0,1651178754.0995944,
0,0,0,0,0,0,1651178754.105762,
0,0,0,0,0,0,1651178754.1119277,
0,0,0,0,0,0,1651178754.1180944,
0,0,0,0,0,0,1651178754.1242614,
0,0,0,0,0,0,1651178754.1304305,
0,0,0,0,0,0,1651178754.1365962,
0,0,0,0,0,0,1651178754.1427617,
0,0,0,0,0,0,1651178754.1489272,
0,0,0,0,0,0,1651178754.15512,
0,0,0,0,0,0,1651178754.1612873,
0,0,0,0,0,0,1651178754.1674526,
0,0,0,0,0,0,1651178754.1736193,
0,0,0,0,0,0,1651178754.1797838,
0,0,0,0,0,0,1651178754.185943,
0,0,0,0,0,0,1651178754.1921015,
0,0,0,0,0,0,1651178754.1982646,
0,0,0,0,0,0,1651178754.2044284,
0,0,0,0,0,0,1651178754.2105904,
0,0,0,0,0,0,1651178754.216754,
0,0,0,0,0,0,1651178754.2229164,
0,0,0,0,0,0,1651178754.2290795,
0,0,0,0,0,0,1651178754.2354918,
0,0,0,0,0,0,1651178754.241657,
0,0,0,0,0,0,1651178754.247819,
0,0,0,0,0,0,1651178754.2539866,
0,0,0,0,0,0,1651178754.260158,
0,0,0,0,0,0,1651178754.2663162,
0,0,0,0,0,0,1651178754.2724771,
0,0,0,0,0,0,1651178754.2786357,
0,0,0,0,0,0,1651178754.2848334,
0,0,0,0,0,0,1651178754.2909966,
0,0,0,0,0,0,1651178754.2971587,
0,0,0,0,0,0,1651178754.303328,
0,0,0,0,0,0,1651178754.3094935,
0,0,0,0,0,0,1651178754.3156548,
0,0,0,0,0,0,1651178754.321843,
0,0,0,0,0,0,1651178754.3280067,
0,0,0,0,0,0,1651178754.3341708,
0,0,0,0,0,0,1651178754.3403351,
0,0,0,0,0,0,1651178754.3464966,
0,0,0,0,0,0,1651178754.3526583,
0,0,0,0,0,0,1651178754.3588197,
0,0,0,0,0,0,1651178754.3649821,
0,0,0,0,0,0,1651178754.3711443,
0,0,0,0,0,0,1651178754.3773046,
0,0,0,0,0,0,1651178754.3834584,
0,0,0,0,0,0,1651178754.3896215,
0,0,0,0,0,0,1651178754.3957837,
0,0,0,0,0,0,1651178754.401946,
0,0,0,0,0,0,1651178754.4081078,
0,0,0,0,0,0,1651178754.4142697,
0,0,0,0,0,0,1651178754.4204319,
0,0,0,0,0,0,1651178754.4265964,
0,0,0,0,0,0,1651178754.4328306,
0,0,0,0,0,0,1651178754.4390044,
0,0,0,0,0,0,1651178754.4451902,
0,0,0,0,0,0,1651178754.4513621,
0,0,0,0,0,0,1651178754.4575303,
0,0,0,0,0,0,1651178754.4636972,
0,0,0,0,0,0,1651178754.4698613,
0,0,0,0,0,0,1651178754.4760234,
0,0,0,0,0,0,1651178754.482186,
0,0,0,0,0,0,1651178754.4883485,
0,0,0,0,0,0,1651178754.4945095,
0,0,0,0,0,0,1651178754.5006714,
0,0,0,0,0,0,1651178754.506834,
0,0,0,0,0,0,1651178754.5129972,
0,0,0,0,0,0,1651178754.5191593,
0,0,0,0,0,0,1651178754.525322,
0,0,0,0,0,0,1651178754.5319827,
0,0,0,0,0,0,1651178754.5382962,
0,0,0,0,0,0,1651178754.5445983,
0,0,0,0,0,0,1651178754.5508344,
0,0,0,0,0,0,1651178754.5571656,
0,0,0,0,0,0,1651178754.563382,
0,0,0,0,0,0,1651178754.5695536,
0,0,0,0,0,0,1651178754.575728,
0,0,0,0,0,0,1651178754.5818963,
0,0,0,0,0,0,1651178754.588059,
0,0,0,0,0,0,1651178754.5942273,
0,0,0,0,0,0,1651178754.6003916,
0,0,0,0,0,0,1651178754.609371,
0,0,0,0,0,0,1651178754.6234913,
0,0,0,0,0,0,1651178754.6376672,
0,0,0,0,0,0,1651178754.6519737,
0,0,0,0,0,0,1651178754.6666172,
0,0,0,0,0,0,1651178754.6810393,
0,0,0,0,0,0,1651178754.6950004,
0,0,0,0,0,0,1651178754.708607,
0,0,0,0,0,0,1651178754.7182214,
0,0,0,0,0,0,1651178754.727845,
0,0,0,0,0,0,1651178754.7374983,
0,0,0,0,0,0,1651178754.747311,
0,0,0,0,0,0,1651178754.7571044,
0,0,0,0,0,0,1651178754.7668083,
0,0,0,0,0,0,1651178754.776559,
0,0,0,0,0,0,1651178754.786614,
0,0,0,0,0,0,1651178754.797061,
0,0,0,0,0,0,1651178754.8079987,
0,0,0,0,0,0,1651178754.8182087,
0,0,0,0,0,0,1651178754.8275948,
0,0,0,0,0,0,1651178754.8374724,
0,0,0,0,0,0,1651178754.84712,
0,0,0,0,0,0,1651178754.8566315,
0,0,0,0,0,0,1651178754.86637,
0,0,0,0,0,0,1651178754.8760848,
0,0,0,0,0,0,1651178754.8856068,
0,0,0,0,0,0,1651178754.8953779,
0,0,0,0,0,0,1651178754.9044306,
0,0,0,0,0,0,1651178754.9119377,
0,0,0,0,0,0,1651178754.9187021,
0,0,0,0,0,0,1651178754.9261973,
0,0,0,0,0,0,1651178754.9332392,
0,0,0,0,0,0,1651178754.9401069,
0,0,0,0,0,0,1651178754.9468157,
0,0,0,0,0,0,1651178754.953635,
0,0,0,0,0,0,1651178754.9606812,
0,0,0,0,0,0,1651178754.9676175,
0,0,0,0,0,0,1651178754.9747767,
0,0,0,0,0,0,1651178754.9813905,
0,0,0,0,0,0,1651178754.9879582,
0,0,0,0,0,0,1651178754.9949543,
0,0,0,0,0,0,1651178755.0017443,
0,0,0,0,0,0,1651178755.0092185,
0,0,0,0,0,0,1651178755.015967,
0,0,0,0,0,0,1651178755.023335,
0,0,0,0,0,0,1651178755.030195,
0,0,0,0,0,0,1651178755.0365129,
0,0,0,0,0,0,1651178755.043082,
0,0,0,0,0,0,1651178755.049929,
0,0,0,0,0,0,1651178755.057029,
0,0,0,0,0,0,1651178755.0636072,
0,0,0,0,0,0,1651178755.0703804,
0,0,0,0,0,0,1651178755.077342,
0,0,0,0,0,0,1651178755.0841906,
0,0,0,0,0,0,1651178755.0909212,
0,0,0,0,0,0,1651178755.097279,
0,0,0,0,0,0,1651178755.1034367,
0,0,0,0,0,0,1651178755.1099923,
0,0,0,0,0,0,1651178755.1162019,
0,0,0,0,0,0,1651178755.122512,
0,0,0,0,0,0,1651178755.128761,
0,0,0,0,0,0,1651178755.1349225,
0,0,0,0,0,0,1651178755.1411414,
0,0,0,0,0,0,1651178755.1473749,
0,0,0,0,0,0,1651178755.1536741,
0,0,0,0,0,0,1651178755.1599355,
0,0,0,0,0,0,1651178755.1661274,
0,0,0,0,0,0,1651178755.1722898,
0,0,0,0,0,0,1651178755.1784678,
0,0,0,0,0,0,1651178755.1848407,
0,0,0,0,0,0,1651178755.1911945,
0,0,0,0,0,0,1651178755.1975882,
0,0,0,0,0,0,1651178755.2039194,
0,0,0,0,0,0,1651178755.210545,
0,0,0,0,0,0,1651178755.217733,
0,0,0,0,0,0,1651178755.2242446,
0,0,0,0,0,0,1651178755.2309053,
0,0,0,0,0,0,1651178755.2373133,
0,0,0,0,0,0,1651178755.2437637,
0,0,0,0,0,0,1651178755.2504718,
0,0,0,0,0,0,1651178755.2567618,
0,0,0,0,0,0,1651178755.2631395,
0,0,0,0,0,0,1651178755.2693503,
0,0,0,0,0,0,1651178755.2755685,
0,0,0,0,0,0,1651178755.281955,
0,0,0,0,0,0,1651178755.2883232,
0,0,0,0,0,0,1651178755.2945848,
0,0,0,0,0,0,1651178755.300828,
0,0,0,0,0,0,1651178755.3070154,
0,0,0,0,0,0,1651178755.3132298,
0,0,0,0,0,0,1651178755.3193805,
0,0,0,0,0,0,1651178755.3255315,
0,0,0,0,0,0,1651178755.3316948,
0,0,0,0,0,0,1651178755.3378608,
0,0,0,0,0,0,1651178755.3440351,
0,0,0,0,0,0,1651178755.350425,
0,0,0,0,0,0,1651178755.3566191,
0,0,0,0,0,0,1651178755.3628182,
0,0,0,0,0,0,1651178755.3690312,
0,0,0,0,0,0,1651178755.375202,
0,0,0,0,0,0,1651178755.3815076,
0,0,0,0,0,0,1651178755.387699,
0,0,0,0,0,0,1651178755.393886,
0,0,0,0,0,0,1651178755.4000564,
0,0,0,0,0,0,1651178755.406218,
0,0,0,0,0,0,1651178755.4123895,
0,0,0,0,0,0,1651178755.4185536,
0,0,0,0,0,0,1651178755.4247215,
0,0,0,0,0,0,1651178755.4308884,
0,0,0,0,0,0,1651178755.437052,
0,0,0,0,0,0,1651178755.443471,
0,0,0,0,0,0,1651178755.4496753,
0,0,0,0,0,0,1651178755.4558473,
0,0,0,0,0,0,1651178755.4620447,
0,0,0,0,0,0,1651178755.46822,
0,0,0,0,0,0,1651178755.4743865,
0,0,0,0,0,0,1651178755.4805548,
0,0,0,0,0,0,1651178755.4867187,
0,0,0,0,0,0,1651178755.492883,
0,0,0,0,0,0,1651178755.499046,
0,0,0,0,0,0,1651178755.5052326,
0,0,0,0,0,0,1651178755.5113952,
0,0,0,0,0,0,1651178755.5175602,
0,0,0,0,0,0,1651178755.5237234,
0,0,0,0,0,0,1651178755.5298886,
0,0,0,0,0,0,1651178755.5360513,
0,0,0,0,0,0,1651178755.5422156,
0,0,0,0,0,0,1651178755.5483823,
0,0,0,0,0,0,1651178755.5545444,
0,0,0,0,0,0,1651178755.5607052,
0,0,0,0,0,0,1651178755.56686,
0,0,0,0,0,0,1651178755.5730221,
0,0,0,0,0,0,1651178755.5791824,
0,0,0,0,0,0,1651178755.5853453,
0,0,0,0,0,0,1651178755.5915082,
0,0,0,0,0,0,1651178755.5976732,
0,0,0,0,0,0,1651178755.6039774,
0,0,0,0,0,0,1651178755.6101866,
0,0,0,0,0,0,1651178755.6163592,
0,0,0,0,0,0,1651178755.6225183,
0,0,0,0,0,0,1651178755.6286821,
0,0,0,0,0,0,1651178755.6348457,
0,0,0,0,0,0,1651178755.641044,
0,0,0,0,0,0,1651178755.6472087,
0,0,0,0,0,0,1651178755.65337,
0,0,0,0,0,0,1651178755.6595294,
0,0,0,0,0,0,1651178755.6656892,
0,0,0,0,0,0,1651178755.6718478,
0,0,0,0,0,0,1651178755.6780105,
0,0,0,0,0,0,1651178755.6841729,
0,0,0,0,0,0,1651178755.6903336,
0,0,0,0,0,0,1651178755.6965017,
0,0,0,0,0,0,1651178755.7028174,
0,0,0,0,0,0,1651178755.7094512,
0,0,0,0,0,0,1651178755.7158973,
0,0,0,0,0,0,1651178755.7223868,
0,0,0,0,0,0,1651178755.728815,
0,0,0,0,0,0,1651178755.7351978,
0,0,0,0,0,0,1651178755.7416298,
0,0,0,0,0,0,1651178755.7480037,
0,0,0,0,0,0,1651178755.7544303,
0,0,0,0,0,0,1651178755.7607665,
0,0,0,0,0,0,1651178755.7669468,
0,0,0,0,0,0,1651178755.773128,
0,0,0,0,0,0,1651178755.7793071,
0,0,0,0,0,0,1651178755.7854862,
0,0,0,0,0,0,1651178755.791664,
0,0,0,0,0,0,1651178755.7978423,
0,0,0,0,0,0,1651178755.8040822,
0,0,0,0,0,0,1651178755.810291,
0,0,0,0,0,0,1651178755.816472,
0,0,0,0,0,0,1651178755.82265,
0,0,0,0,0,0,1651178755.82887,
0,0,0,0,0,0,1651178755.8350723,
0,0,0,0,0,0,1651178755.841291,
0,0,0,0,0,0,1651178755.8474708,
0,0,0,0,0,0,1651178755.8536463,
0,0,0,0,0,0,1651178755.8599265,
0,0,0,0,0,0,1651178755.8663454,
